1,51837126; 14,321; 3,25974; 2,21921; 71,2492; 1,45935; 5,78508; 1,62855; 0; 0
1,52042146; 13,3767; 0; 1,40066; 72,2516; 0,32913; 12,49932; 0; 0; 0
1,51317742; 13,007625; 0; 3,029735; 70,5912; 6,21; 6,94178; 0; 0; 0
1,51753165428571; 12,8808; 3,52529142857143; 1,30023285714286; 72,958; 0,592611428571429; 8,53964; 0,01305; 0,0298714285714286; 0
1,5151365; 14,853; 0; 2,42144; 73,7188; 0; 8,389; 0,5607; 0; 0
1,518809775; 14,084925; 2,30786; 1,5073925; 72,5456; 0; 9,48114; 0; 0; 0
1,51652608; 11,94695; 0; 1,1888; 75,1804; 2,70135; 8,927; 0; 0; 0
1,52210718; 14,188; 3,78058; 0,90953; 71,3612; 0,22977; 9,1422; 0; 0,1887; 0
1,5151365; 14,00845; 2,68053; 3,5; 69,8884; 1,68291; 5,87116; 2,1987; 0; 0
1,51809030666667; 14,3232166666667; 0; 2,01377; 73,4649333333333; 0; 8,51094666666667; 1,62645; 0; 0
1,5196925; 14,5604; 0; 0,55964; 73,478; 0; 11,21888; 0; 0; 0
1,51686018666667; 14,7044833333333; 0; 1,99023; 73,1382666666667; 0; 8,4428; 1,6233; 0,0255; 0
1,51556932; 13,8688; 0; 2,54021; 73,2316; 0,14283; 9,4112; 0,80955; 0,0051; 0
1,5215149; 11,02925; 1,71069; 1,56116; 73,4388; 0,57753; 11,617; 0; 0; 0
1,51299518; 14,4008; 1,74212; 1,53869; 74,5476; 0; 7,59276; 0; 0; 0
1,51130946; 13,68925; 3,20137; 1,81154; 72,8116; 1,75743; 5,43; 1,1907; 0; 0
1,51115; 17,38; 0; 0,34136; 75,41; 0; 6,64588; 0; 0; 0
1,51830292; 14,3875; 0; 1,82117; 72,862; 1,40967; 6,47372; 2,8791; 0; 0
1,51807512; 13,2592166666667; 2,84067333333333; 1,253; 72,89; 0,5382; 9,04177333333333; 0; 0,153; 0
1,51919134; 14,417; 3,57853; 1,36856; 72,078; 0,5589; 8,30292; 0; 0; 0
1,52365622; 15,79065; 1,83192; 1,31078; 70,4316; 0,3105; 8,61496; 1,67895; 0; 0
1,5215149; 13,0730166666667; 3,62642333333333; 0,88064; 72,246; 0,20493; 9,8416; 0; 0,085; 0
1,51609326; 15,126; 0; 2,51132; 73,0524; 0,04968; 8,83016; 0,5292; 0; 0
1,516403068; 12,90588; 3,530038; 1,261988; 73,0916; 0,573804; 8,389; 0; 0,06018; 0
1,51801437333333; 13,4542833333333; 3,36899666666667; 1,56223; 72,0388; 0,56925; 8,86244; 0; 0,153; 0
1,51666276; 12,858; 0; 1,8308; 73,8812; 0,96876; 10,17516; 0; 0; 0
1,52320062; 13,7225; 3,72221; 0,51149; 71,7476; 0,08694; 10,568; 0; 0,0816; 0
1,5193508; 13,6427; 3,53812; 0,74903; 72,6492; 0,16146; 8,89472; 0,1512; 0,1224; 0
1,52247166; 14,85965; 2,2001; 2,05871; 70,258; 0,75762; 9,75552; 0; 0; 0
1,51887242; 14,99265; 0,78126; 1,74092; 72,498; 0; 9,9492; 0; 0; 0
1,52004559; 13,79565; 3,661595; 1,15028; 72,0416; 0,07452; 9,14758; 0; 0; 0
1,51768786; 12,45235; 2,71196; 1,29152; 73,702; 0,5589; 9,05612; 0; 0,1224; 0
1,51613882; 13,8821; 1,77804; 1,78907; 73,0972; 0; 8,66876; 0,75915; 0; 0
1,52210718; 13,72915; 3,83895; 0,72014; 71,7588; 0,16767; 9,74476; 0; 0; 0
1,517488535; 13,300225; 3,6425125; 1,15028; 73,1; 0,5728725; 8,12807; 0; 0; 0
1,52058092; 12,85135; 1,61191; 2,17106; 72,1788; 0,75762; 9,70172; 0,2394; 0,2601; 0
1,51509094; 15,15225; 0; 2,25131; 73,5004; 0; 8,3352; 0,63; 0; 0
1,51761952; 13,88875; 3,60098; 1,35893; 72,7276; 0,47817; 7,82948; 0; 0; 0
1,51622994; 14,2013; 0; 2,79059; 73,4612; 0,03726; 9,04536; 0,40005; 0,459; 0
1,51697408666667; 13,2481333333333; 3,517915; 1,327365; 72,6865333333333; 0,57132; 8,43204; 0; 0,0085; 0
1,51671971; 14,8264; 0; 2,30588; 73,2904; 0; 8,83016; 0,666225; 0; 0
1,51966972; 14,7732; 3,74915; 0,29; 72,022; 0,03105; 9,00232; 0; 0; 0
1,51914578; 12,73165; 1,84988; 1,85969; 72,6884; 0,60237; 10,08908; 0; 0; 0
1,51583129; 12,754925; 3,535875; 1,59005; 73,0832; 0,655155; 8,07696; 0; 0,1275; 0
1,52101374; 13,6427; 4,49; 1,09892; 71,7812; 0,0621; 8,75484; 0; 0; 0
1,51622994; 14,14145; 0; 2,88047; 72,61; 0,08073; 9,18524; 1,06155; 0; 0
1,52056953; 13,120675; 0,163885; 1,63499; 73,2092; 0,301185; 11,2942; 0; 0,0714; 0
1,5163894; 14,36755; 0; 2,73923; 72,8508; 0; 9,45424; 0,53865; 0; 0
1,51925968; 13,19715; 3,33158; 1,27868; 72,358; 0,60237; 9,1422; 0; 0,0561; 0
1,516845; 14,9195; 0; 1,9913; 73,58; 0; 8,39976; 1,59075; 0; 0
1,51916856; 14,1481; 0; 2,09081; 72,7388; 0; 10,88532; 0; 0; 0
1,52171992; 13,4964; 3,800785; 0,89027; 71,9016; 0,20493; 9,5726; 0; 0,0459; 0
1,52182622666667; 14,1481; 3,80003666666667; 0,50614; 71,7774666666667; 0,11178; 9,59770666666667; 0; 0; 0
1,51910022; 13,88875; 3,52914; 1,32041; 71,8092; 0,50922; 8,77636; 0,11025; 0; 0
1,51588824; 12,87795; 3,43036; 1,40066; 73,282; 0,68931; 8,04468; 0; 0,1224; 0
1,51643496; 12,15975; 3,52016; 1,3493; 72,89; 0,57132; 8,52888; 0; 0; 0
1,5196925; 12,63855; 0; 1,65104; 73,7524; 0,37881; 11,53092; 0; 0; 0
1,51717531; 13,4911125; 3,5123025; 1,209665; 72,7976; 0,5666625; 8,37824; 0; 0,014025; 0
1,52315506; 13,4432; 3,34056; 1,23053; 72,3804; 0,60237; 8,83016; 0; 0; 0
1,517569404; 12,6585; 3,501302; 1,292162; 73,25848; 0,580014; 8,554704; 0; 0,00612; 0
1,52161741; 14,34095; 3,87487; 0,859775; 71,4312; 0,07452; 9,31974; 0; 0; 0
1,51618438; 13,52965; 3,55159; 1,53869; 72,9908; 0,39123; 7,77568; 0; 0; 0
1,51699307; 13,07745; 3,49322; 1,72487; 72,6044; 0,57132; 8,41052; 0; 0,0612; 0
1,51777898; 13,6427; 3,65037; 0,64952; 73,002; 0,0621; 8,927; 0; 0; 0
1,52171992; 11,56125; 1,88131; 1,56116; 72,862; 0,47196; 11,41256; 0; 0; 0
1,51739172; 13,1528166666667; 3,44682333333333; 1,25621; 72,6566666666667; 0,56718; 8,75484; 0; 0,0272; 0
1,51602492; 14,853; 0; 2,37971; 73,282; 0; 8,75484; 0,63945; 0,459; 0
1,523679; 13,4432; 0; 1,58042; 72,218; 0,32292; 12,24108; 0; 0; 0
1,51976084; 13,80895; 3,57853; 1,32041; 71,7196; 0,11799; 8,66876; 0,68985; 0; 0
1,51538708; 14,26115; 0; 2,670215; 73,2428; 0,058995; 9,07226; 0,625275; 0,01275; 0
1,51689056; 14,9461; 0; 1,83401; 73,0496; 0; 8,64186; 1,46475; 0; 0
1,52446491; 14,078275; 3,755885; 0,74582; 71,4592; 0,009315; 9,75552; 0; 0,0255; 0
1,52260834; 13,260325; 3,675065; 0,805205; 71,9884; 0,1242; 10,21018; 0; 0,00765; 0
1,51837126; 13,626075; 3,639145; 1,10855; 72,7052; 0,127305; 8,67952; 0; 0; 0
1,51778548857143; 12,7231; 3,54261; 1,25024857142857; 72,9812; 0,611241428571429; 8,72102285714286; 0; 0,0320571428571429; 0
1,51899771; 13,5363; 3,414645; 1,289915; 72,0136; 0,57132; 8,9539; 0; 0; 0
1,51848516; 13,6427; 3,87038; 1,26905; 71,9604; 0,54027; 8,32444; 0; 0,1632; 1; 
1,51818902; 13,7225; 0; 0,55964; 74,4524; 0; 10,99292; 0; 0; 1; 
1,51663998; 12,93115; 3,53812; 1,61894; 72,9572; 0,63963; 8,03392; 0; 0,1071; 1; 
1,51709558; 12,99765; 3,47077; 1,78907; 72,722; 0,65826; 8,18456; 0; 0; 1; 
1,51689056; 12,6718; 2,87809; 1,70882; 73,2092; 0,73278; 8,53964; 0; 0; 1; 
1,5266404; 11,22875; 0; 0,7715; 73,2092; 0; 14,6836; 0; 0; 1; 
1,51850794; 13,19715; 3,62792; 1,07003; 72,8284; 0,57132; 8,41052; 0,09135; 0,0867; 1; 
1,51812068; 12,95775; 2,95891; 1,42955; 72,918; 0,60237; 8,78712; 0,1386; 0; 1; 
1,51645774; 13,40995; 3,55159; 1,24979; 72,8116; 0,6831; 8,09848; 0; 0; 1; 
1,51629828; 12,7117; 3,33158; 1,49054; 73,282; 0,67068; 8,23836; 0; 0; 1; 
1,52725546; 13,8023; 3,15198; 0,65915; 70,5716; 0,08073; 11,63852; 0; 0; 1; 
1,51891798; 13,46315; 3,82997; 1,25942; 72,5484; 0,57132; 8,20608; 0; 0,0714; 1; 
1,51871296; 12,93115; 3,65935; 1,56116; 72,5092; 0,57753; 8,5504; 0; 0,0612; 1; 
1,52176548; 13,7491; 1,01025; 1,35893; 72,19; 0,32913; 11,14356; 0; 0; 1; 
1,5162755; 12,99765; 3,57853; 1,53869; 72,8284; 0,60858; 8,04468; 0; 0; 1; 
1,51618438; 13,01095; 3,5022; 1,48091; 72,89; 0,60237; 8,12; 0; 0; 1; 
1,5160477; 12,8979; 3,43934; 1,44881; 73,58; 0,44091; 8,27064; 0; 0; 1; 
1,5170728; 13,7225; 3,6818; 1,81154; 72,0612; 0,63963; 7,88328; 0; 0; 1; 
1,51666276; 12,9378; 3,60996; 1,25942; 72,75; 0,5589; 8,6042; 0; 0; 1; 
1,52613924; 13,70255; 0; 1,35893; 71,238; 0,19251; 13,43544; 0; 0,051; 1; 
1,51689056; 13,33015; 3,53812; 1,60931; 72,5428; 0,6831; 8,10924; 0; 0; 1; 
1,51645774; 13,4432; 3,60996; 1,53869; 72,3916; 0,65826; 8,03392; 0; 0; 1; 
1,5159338; 13,25035; 3,44832; 1,42955; 73,17; 0,60858; 7,86176; 0; 0; 1; 
1,51743728; 12,19965; 3,25076; 1,15991; 73,5508; 0,621; 8,89472; 0; 0,1224; 1; 
1,52474966; 11,4482; 0; 1,87895; 72,19; 0,8073; 13,24176; 0; 0,1734; 1; 
1,51828014; 13,23705; 3,90181; 1,41029; 72,33; 0,55269; 8,31368; 0; 0,051; 1; 
1,51789288; 13,1905; 3,90181; 1,30115; 72,33; 0,55269; 8,4428; 0; 0,1428; 1; 
1,51839404; 12,85135; 3,66833; 1,24016; 72,5708; 0,621; 8,67952; 0; 0,1785; 1; 
1,5159338; 13,09075; 3,592; 1,51943; 73,0972; 0,67068; 7,82948; 0; 0; 1; 
1,5159338; 13,09075; 3,52016; 1,55153; 72,8676; 0,6831; 8,04468; 0; 0,459; 1; 
1,51588824; 13,11735; 3,40791; 1,58042; 73,2596; 0,06831; 8,389; 0; 0,0969; 1; 
1,51818902; 12,6186; 2,76135; 0,82928; 73,8084; 0,34776; 9,42196; 0; 0,102; 1; 
1,51846238; 13,0974; 3,96916; 1,1888; 72,442; 0,60237; 8,43204; 0; 0; 1; 
1,52080872; 13,78235; 2,28092; 1,42955; 71,9884; 0,49059; 9,85236; 0; 0,0867; 1; 
1,51711836; 12,89125; 3,61894; 1,57079; 72,9572; 0,60858; 8,10924; 0; 0; 1; 
1,51613882; 13,922; 3,52016; 1,24979; 72,8788; 0,3726; 7,93708; 0; 0,0714; 1; 
1,51591102; 12,858; 3,52016; 2,1197; 72,6604; 0,68931; 7,96936; 0; 0; 1; 
1,51841682; 13,0176; 3,61894; 1,0604; 72,3412; 0,63963; 9,13144; 0; 0,0765; 1; 
1,52408904; 13,8289; 2,90054; 1,16954; 71,1484; 0,08073; 10,78848; 0; 0; 1; 
1,51652608; 13,5629; 3,56955; 1,47128; 72,4476; 0,63963; 7,9586; 0; 0; 1; 
1,5184396; 13,25035; 3,75813; 1,32041; 72,4028; 0,57753; 8,42128; 0; 0; 1; 
1,51812068; 13,4299; 3,97814; 1,17917; 72,4924; 0,57753; 8,15228; 0; 0; 1; 
1,51632106; 13,3368; 3,56955; 1,57079; 72,8676; 0,60858; 7,89404; 0; 0; 1; 
1,51645774; 13,4033; 3,48873; 1,51943; 72,6492; 0,67068; 8,07696; 0; 0,051; 1; 
1,52222108; 14,4274; 0; 0,99941; 72,6716; 0,09936; 11,52016; 0; 0,0408; 1; 
1,52739214; 11,0226; 0; 0,74903; 73,0804; 0; 14,96336; 0; 0; 1; 
1,51686778; 13,2304; 3,53812; 1,48091; 72,8396; 0,5589; 8,09848; 0; 0; 1; 
1,51812068; 13,33015; 3,84793; 1,24979; 72,778; 0,52164; 8,12; 0; 0; 1; 
1,5166172; 12,85135; 3,51118; 1,43918; 73,0076; 0,6831; 8,2276; 0,5985; 0,1275; 1; 
1,51572878; 14,85965; 3,66833; 1,74092; 71,8708; 0,16146; 7,35604; 0; 0,0612; 1; 
1,51625272; 13,35675; 3,57853; 1,49054; 72,722; 0,44712; 8,20608; 0; 0; 1; 
1,51859906; 13,35675; 3,43036; 1,42955; 72,2628; 0,50922; 8,6042; 0; 0; 1; 
1,5173006; 12,3526; 2,72094; 1,62857; 72,8676; 0,70173; 9,22828; 0; 0; 1; 
1,5170728; 13,4831; 3,47975; 1,70882; 72,5204; 0,621; 7,99088; 0; 0; 1; 
1,51805234; 12,99765; 3,79854; 1,07966; 73,0692; 0,5589; 8,37824; 0; 0,0612; 1; 
1,51591102; 13,0176; 3,57853; 1,5098; 73,1196; 0,68931; 7,9586; 0; 0; 1; 
1,51568322; 13,23705; 3,48873; 1,47128; 73,2484; 0,37881; 8,03392; 0; 0; 1; 
1,51841682; 12,93115; 3,74017; 1,10855; 72,2796; 0,63963; 8,95928; 0; 0,1122; 1; 
1,53393; 12,2994; 0; 0,99941; 70,1628; 0,11799; 16,19; 0; 0,1224; 1; 
1,5277794; 12,63855; 0; 0,66878; 72,022; 0,0621; 14,40384; 0; 0; 1; 
1,52019366; 13,98185; 1,35149; 1,62857; 71,7588; 0,39123; 10,56252; 0; 0,51; 1; 
1,51800678; 13,7092; 3,92875; 1,53869; 71,8092; 0,54027; 8,20608; 0; 0,0765; 1; 
1,51591102; 12,8181; 3,52016; 1,90142; 72,862; 0,68931; 7,96936; 0; 0; 1; 
1,5163894; 12,5521; 3,47975; 1,86932; 73,2316; 0,62721; 8,07696; 0; 0,459; 1; 
1,51591102; 13,23705; 3,34056; 1,47128; 73,0972; 0,39123; 8,21684; 0; 0; 1; 
1,51654886; 12,7516; 2,85115; 1,43918; 73,2708; 0,57132; 8,78712; 0,11025; 0,1122; 1; 
1,5167311; 13,2969; 3,64139; 1,52906; 72,5316; 0,65205; 8,03392; 0; 0,1479; 1; 
1,52176548; 13,19715; 3,6818; 1,15028; 72,75; 0,54027; 8,51812; 0; 0; 1; 
1,5167311; 12,8713; 3,56057; 1,64141; 73,142; 0,65205; 7,99088; 0; 0; 1; 
1,51595658; 13,0176; 3,56057; 1,53869; 73,1084; 0,72036; 7,9048; 0; 0; 1; 
1,51408862; 14,24785; 3,08912; 2,08118; 72,2796; 1,09917; 7,07628; 0; 0; 1; 
1,53124196; 10,73; 0; 2,10044; 69,81; 0,57753; 13,29556; 3,15; 0,1428; 1; 
1,51846238; 13,40995; 3,88834; 1,33004; 72,3804; 0,50922; 8,2814; 0; 0; 1; 
1,52067204; 13,5496; 2,08785; 1,6703; 72,1788; 0,52785; 9,5726; 0,2709; 0,0867; 1; 
1,5167311; 12,7915; 3,52016; 1,53869; 73,3604; 0,65826; 7,9048; 0; 0; 1; 
1,51659442; 12,991; 3,17892; 1,23053; 72,9684; 0,57753; 8,80864; 0; 0,1224; 1; 